8 8 27 21 5 12
1	1	1	2	5	4	10	11	14	13
2	1	2	3	6	5	11	12	15	14
3	1	4	5	8	7	13	14	17	16
4	1	5	6	9	8	14	15	18	17
5	1	10	11	14	13	19	20	23	22
6	1	11	12	15	14	20	21	24	23
7	1	13	14	17	16	22	23	26	25
8	1	14	15	18	17	23	24	27	26
      1		  0.0           0.0           0.0
      2		  0.5           0.0           0.0
      3		  1.0           0.0           0.0
      4           0.0           0.5           0.0
      5           0.5           0.5           0.0
      6           1.0           0.5           0.0
      7           0.0           1.0           0.0
      8           0.5           1.0           0.0
      9           1.0           1.0           0.0
     10           0.0           0.0           0.5
     11           0.5           0.0           0.5
     12           1.0           0.0           0.5
     13           0.0           0.5           0.5
     14           0.5           0.5           0.5
     15           1.0           0.5           0.5
     16           0.0           1.0           0.5
     17           0.5           1.0           0.5
     18           1.0           1.0           0.5
     19           0.0           0.0           1.0
     20           0.5           0.0           1.0
     21           1.0           0.0           1.0
     22           0.0           0.5           1.0
     23           0.5           0.5           1.0
     24           1.0           0.5           1.0
     25           0.0           1.0           1.0
     26           0.5           1.0           1.0
     27           1.0           1.0           1.0
1	2	0
2	2	0
3	2	0
10	2	0
11	2	0
12	2	0
19	2	0
20	2	0
21	2	0
1	1	0
1	3	0
3	3	0
7	2	1
8	2	1
9	2	1
16	2	1
17	2	1
18	2	1
25	2	1
26	2	1
27	2	1
201.7e9 134.4e9 104.5e9 170.6e6 1.0 1.4 377.1e6 1.115 150.1e7 0.01 24.53e6
152 1.0 1.0e-4


